
32x32 A Matrix is 
0.000000 0.841471 0.909297 0.141120 -0.756802 -0.958924 -0.279415 0.656987 0.989358 0.412118 -0.544021 -0.999990 -0.536573 0.420167 0.990607 0.650288 -0.287903 -0.961397 -0.750987 0.149877 0.912945 0.836656 -0.008851 -0.846220 -0.905578 -0.132352 0.762558 0.956376 0.270906 -0.663634 -0.988032 -0.404038 
0.551427 0.999912 0.529083 -0.428183 -0.991779 -0.643538 0.296369 0.963795 0.745113 -0.158623 -0.916522 -0.831775 0.017702 0.850904 0.901788 0.123573 -0.768255 -0.953753 -0.262375 0.670229 0.986628 0.395925 -0.558789 -0.999755 -0.521551 0.436165 0.992873 0.636738 -0.304811 -0.966118 -0.739181 0.167356 
0.920026 0.826829 -0.026551 -0.855520 -0.897928 -0.114785 0.773891 0.951055 0.253823 -0.676772 -0.985146 -0.387782 0.566108 0.999520 0.513978 -0.444113 -0.993889 -0.629888 0.313229 0.968364 0.733190 -0.176076 -0.923458 -0.821818 0.035398 0.860069 0.893997 0.105988 -0.779466 -0.948282 -0.245252 0.683262 
0.983588 0.379608 -0.573382 -0.999207 -0.506366 0.452026 0.994827 0.622989 -0.321622 -0.970535 -0.727143 0.184782 0.926819 0.816743 -0.044243 -0.864551 -0.889996 -0.097182 0.784980 0.945435 0.236661 -0.689698 -0.981952 -0.371404 0.580611 0.998815 0.498713 -0.459903 -0.995687 -0.616040 0.329991 0.972630 
0.721038 -0.193473 -0.930106 -0.811603 0.053084 0.868966 0.885925 0.088369 -0.790433 -0.942514 -0.228052 0.696080 0.980240 0.363171 -0.587795 -0.998345 -0.491022 0.467745 0.996469 0.609044 -0.338333 -0.974649 -0.714876 0.202150 0.933321 0.806401 -0.061920 -0.873312 -0.881785 -0.079549 0.795824 0.939520 
0.219425 -0.702408 -0.978450 -0.354910 0.594933 0.997797 0.483292 -0.475550 -0.997173 -0.602000 0.346649 0.976591 0.708659 -0.210811 -0.936462 -0.801135 0.070752 0.877590 0.877575 0.070722 -0.801153 -0.936451 -0.210781 0.708680 0.976584 0.346621 -0.602024 -0.997171 -0.475524 0.483318 0.997799 0.594909 
-0.354938 -0.978457 -0.702386 0.219455 0.939530 0.795806 -0.079579 -0.881799 -0.873297 -0.061890 0.806418 0.933310 0.202120 -0.714898 -0.974642 -0.338305 0.609068 0.996467 0.467719 -0.491048 -0.998347 -0.587771 0.363199 0.980246 0.696058 -0.228082 -0.942525 -0.790415 0.088399 0.885939 0.868951 0.053053 
-0.811621 -0.930095 -0.193444 0.721059 0.972623 0.329962 -0.616064 -0.995684 -0.459877 0.498739 0.998817 0.580587 -0.371432 -0.981958 -0.689676 0.236691 0.945445 0.784962 -0.097212 -0.890009 -0.864536 -0.044213 0.816760 0.926807 0.184752 -0.727163 -0.970528 -0.321594 0.623012 0.994824 0.451999 -0.506392 
-0.999208 -0.573357 0.379636 0.983593 0.683240 -0.245281 -0.948292 -0.779447 0.106017 0.894010 0.860054 0.035368 -0.821835 -0.923447 -0.176046 0.733211 0.968357 0.313200 -0.629911 -0.993885 -0.444086 0.514004 0.999521 0.566083 -0.387809 -0.985151 -0.676750 0.253853 0.951064 0.773872 -0.114815 -0.897941 
-0.855504 -0.026521 0.826846 0.920014 0.167326 -0.739201 -0.966110 -0.304782 0.636761 0.992869 0.436138 -0.521577 -0.999756 -0.558764 0.395953 0.986633 0.670207 -0.262404 -0.953762 -0.768235 0.123603 0.901801 0.850888 0.017672 -0.831791 -0.916509 -0.158593 0.745133 0.963787 0.296340 -0.643561 -0.991775 
-0.428155 0.529108 0.999912 0.551402 -0.404065 -0.988036 -0.663611 0.270935 0.956385 0.762539 -0.132382 -0.905591 -0.846204 -0.008821 0.836672 0.912933 0.149847 -0.751007 -0.961389 -0.287874 0.650311 0.990603 0.420140 -0.536598 -0.999990 -0.543996 0.412146 0.989363 0.656964 -0.279444 -0.958933 -0.756783 
0.141150 0.909310 0.841455 -0.000030 -0.841487 -0.909285 -0.141090 0.756822 0.958916 0.279387 -0.657009 -0.989354 -0.412091 0.544046 0.999990 0.536547 -0.420194 -0.990611 -0.650265 0.287932 0.961406 0.750967 -0.149907 -0.912958 -0.836639 0.008881 0.846236 0.905566 0.132322 -0.762578 -0.956367 -0.270877 
0.663656 0.988027 0.404010 -0.551452 -0.999911 -0.529057 0.428210 0.991783 0.643515 -0.296397 -0.963803 -0.745093 0.158652 0.916534 0.831758 -0.017732 -0.850919 -0.901775 -0.123543 0.768274 0.953744 0.262346 -0.670252 -0.986623 -0.395897 0.558814 0.999755 0.521525 -0.436192 -0.992876 -0.636715 0.304839 
0.966126 0.739160 -0.167385 -0.920038 -0.826812 0.026581 0.855536 0.897914 0.114755 -0.773910 -0.951045 -0.253794 0.676794 0.985141 0.387754 -0.566132 -0.999519 -0.513953 0.444140 0.993892 0.629865 -0.313257 -0.968372 -0.733170 0.176105 0.923470 0.821801 -0.035428 -0.860085 -0.893983 -0.105958 0.779485 
0.948273 0.245223 -0.683284 -0.983582 -0.379580 0.573407 0.999206 0.506340 -0.452053 -0.994830 -0.622965 0.321651 0.970543 0.727122 -0.184811 -0.926830 -0.816725 0.044273 0.864567 0.889982 0.097152 -0.784999 -0.945426 -0.236632 0.689720 0.981946 0.371376 -0.580636 -0.998814 -0.498687 0.459930 0.995690 
0.616017 -0.330019 -0.972637 -0.721017 0.193503 0.930117 0.811586 -0.053114 -0.868981 -0.885911 -0.088339 0.790452 0.942504 0.228023 -0.696102 -0.980234 -0.363143 0.587819 0.998344 0.490995 -0.467772 -0.996472 -0.609020 0.338362 0.974655 0.714855 -0.202179 -0.933331 -0.806383 0.061950 0.873327 0.881770 
0.079518 -0.795842 -0.939509 -0.219396 0.702429 0.978444 0.354882 -0.594957 -0.997795 -0.483265 0.475577 0.997176 0.601976 -0.346678 -0.976597 -0.708638 0.210840 0.936473 0.801117 -0.070782 -0.877604 -0.877561 -0.070692 0.801171 0.936441 0.210752 -0.708702 -0.976578 -0.346593 0.602048 0.997169 0.475497 
-0.483344 -0.997801 -0.594884 0.354967 0.978463 0.702365 -0.219484 -0.939540 -0.795788 0.079609 0.881813 0.873283 0.061860 -0.806436 -0.933299 -0.202091 0.714919 0.974635 0.338277 -0.609092 -0.996464 -0.467692 0.491074 0.998349 0.587746 -0.363228 -0.980252 -0.696037 0.228111 0.942535 0.790396 -0.088429 
-0.885953 -0.868936 -0.053023 0.811639 0.930084 0.193414 -0.721079 -0.972616 -0.329934 0.616088 0.995681 0.459850 -0.498765 -0.998818 -0.580562 0.371460 0.981964 0.689654 -0.236720 -0.945455 -0.784943 0.097242 0.890023 0.864521 0.044182 -0.816777 -0.926796 -0.184722 0.727184 0.970521 0.321565 -0.623036 
-0.994821 -0.451972 0.506418 0.999209 0.573332 -0.379664 -0.983599 -0.683218 0.245310 0.948301 0.779428 -0.106047 -0.894024 -0.860039 -0.035338 0.821852 0.923435 0.176016 -0.733231 -0.968349 -0.313172 0.629935 0.993882 0.444059 -0.514030 -0.999522 -0.566058 0.387837 0.985157 0.676728 -0.253882 -0.951073 
-0.773852 0.114845 0.897954 0.855489 0.026491 -0.826863 -0.920002 -0.167296 0.739221 0.966102 0.304753 -0.636784 -0.992865 -0.436111 0.521602 0.999757 0.558739 -0.395981 -0.986637 -0.670184 0.262433 0.953771 0.768216 -0.123633 -0.901814 -0.850872 -0.017642 0.831808 0.916497 0.158563 -0.745153 -0.963779 
-0.296311 0.643584 0.991771 0.428128 -0.529134 -0.999913 -0.551376 0.404093 0.988041 0.663589 -0.270964 -0.956394 -0.762519 0.132412 0.905604 0.846188 0.008791 -0.836689 -0.912921 -0.149818 0.751027 0.961381 0.287846 -0.650334 -0.990599 -0.420112 0.536624 0.999990 0.543971 -0.412173 -0.989367 -0.656941 
0.279473 0.958941 0.756763 -0.141180 -0.909323 -0.841438 0.000060 0.841504 0.909272 0.141060 -0.756842 -0.958907 -0.279358 0.657032 0.989349 0.412064 -0.544072 -0.999990 -0.536522 0.420222 0.990616 0.650242 -0.287961 -0.961414 -0.750947 0.149937 0.912970 0.836623 -0.008912 -0.846253 -0.905553 -0.132292 
0.762597 0.956358 0.270848 -0.663679 -0.988022 -0.403982 0.551477 0.999911 0.529032 -0.428237 -0.991787 -0.643492 0.296426 0.963811 0.745073 -0.158682 -0.916546 -0.831741 0.017762 0.850935 0.901762 0.123513 -0.768293 -0.953735 -0.262317 0.670274 0.986618 0.395870 -0.558839 -0.999754 -0.521500 0.436219 
0.992880 0.636692 -0.304868 -0.966133 -0.739140 0.167415 0.920050 0.826795 -0.026611 -0.855551 -0.897901 -0.114725 0.773929 0.951036 0.253765 -0.676816 -0.985136 -0.387726 0.566157 0.999518 0.513927 -0.444167 -0.993895 -0.629841 0.313286 0.968380 0.733149 -0.176135 -0.923482 -0.821783 0.035459 0.860100 
0.893970 0.105928 -0.779504 -0.948263 -0.245194 0.683306 0.983577 0.379552 -0.573431 -0.999204 -0.506314 0.452080 0.994833 0.622941 -0.321679 -0.970550 -0.727101 0.184841 0.926841 0.816708 -0.044303 -0.864582 -0.889968 -0.097122 0.785018 0.945416 0.236603 -0.689742 -0.981941 -0.371348 0.580660 0.998812 
0.498661 -0.459957 -0.995693 -0.615993 0.330048 0.972644 0.720996 -0.193533 -0.930128 -0.811568 0.053144 0.868996 0.885897 0.088309 -0.790470 -0.942494 -0.227994 0.696123 0.980228 0.363115 -0.587844 -0.998342 -0.490969 0.467798 0.996474 0.608996 -0.338390 -0.974662 -0.714834 0.202209 0.933342 0.806365 
-0.061981 -0.873341 -0.881756 -0.079488 0.795861 0.939499 0.219366 -0.702451 -0.978438 -0.354854 0.594981 0.997793 0.483239 -0.475603 -0.997178 -0.601952 0.346706 0.976604 0.708617 -0.210869 -0.936483 -0.801099 0.070812 0.877619 0.877546 0.070662 -0.801189 -0.936430 -0.210722 0.708723 0.976571 0.346565 
-0.602072 -0.997166 -0.475471 0.483371 0.997803 0.594860 -0.354995 -0.978469 -0.702343 0.219513 0.939551 0.795769 -0.079639 -0.881827 -0.873268 -0.061830 0.806454 0.933288 0.202061 -0.714940 -0.974628 -0.338248 0.609116 0.996462 0.467665 -0.491100 -0.998351 -0.587722 0.363256 0.980258 0.696015 -0.228140 
-0.942545 -0.790378 0.088459 0.885967 0.868921 0.052993 -0.811656 -0.930073 -0.193385 0.721100 0.972609 0.329905 -0.616112 -0.995679 -0.459823 0.498792 0.998820 0.580538 -0.371488 -0.981969 -0.689632 0.236749 0.945465 0.784924 -0.097272 -0.890037 -0.864506 -0.044152 0.816795 0.926785 0.184693 -0.727205 
-0.970513 -0.321537 0.623059 0.994818 0.451945 -0.506444 -0.999210 -0.573308 0.379691 0.983604 0.683196 -0.245340 -0.948311 -0.779409 0.106077 0.894037 0.860023 0.035308 -0.821869 -0.923424 -0.175987 0.733252 0.968342 0.313143 -0.629958 -0.993879 -0.444032 0.514056 0.999523 0.566033 -0.387865 -0.985162 
-0.676705 0.253911 0.951083 0.773833 -0.114875 -0.897967 -0.855473 -0.026461 0.826880 0.919991 0.167267 -0.739242 -0.966094 -0.304724 0.636808 0.992862 0.436083 -0.521628 -0.999757 -0.558714 0.396008 0.986642 0.670162 -0.262462 -0.953780 -0.768197 0.123663 0.901827 0.850856 0.017612 -0.831825 -0.916485 


32x32 B Matrix is 
0.987354 0.666871 -0.266730 -0.955100 -0.765356 0.128053 0.903731 0.848522 0.013186 -0.834273 -0.914706 -0.154162 0.748118 0.962581 0.292052 -0.646988 -0.991191 -0.424097 0.532910 0.999962 0.547654 -0.408165 -0.988718 -0.660249 0.275250 0.957686 0.759629 -0.136827 -0.907485 -0.843805 -0.004335 0.839121 
0.911093 0.145411 -0.753962 -0.960145 -0.283575 0.653712 0.989980 0.416065 -0.540378 -1.000000 -0.540226 0.416229 0.990005 0.653575 -0.283749 -0.960196 -0.753843 0.145590 0.911168 0.839022 -0.004516 -0.843902 -0.907409 -0.136648 0.759747 0.957633 0.275076 -0.660385 -0.988691 -0.407999 0.547805 0.999960 
0.532756 -0.424261 -0.991215 -0.646850 0.292225 0.962630 0.747998 -0.154341 -0.914779 -0.834173 0.013367 0.848618 0.903653 0.127874 -0.765472 -0.955047 -0.266556 0.667005 0.987325 0.399902 -0.555189 -0.999842 -0.525245 0.432259 0.992347 0.640075 -0.300679 -0.964990 -0.742094 0.163080 0.918319 0.829259 
-0.022217 -0.853267 -0.899827 -0.119090 0.771138 0.952385 0.258014 -0.673574 -0.985881 -0.391774 0.562529 0.999645 0.517692 -0.440224 -0.993401 -0.633249 0.309109 0.967274 0.736132 -0.171806 -0.921786 -0.824280 0.031065 0.857850 0.895931 0.110297 -0.776743 -0.949649 -0.249453 0.680090 0.984361 0.383615 
-0.569825 -0.999370 -0.510099 0.448154 0.994377 0.626374 -0.317514 -0.969482 -0.730112 0.180519 0.925182 0.819236 -0.039911 -0.862365 -0.891964 -0.101496 0.782287 0.946839 0.240871 -0.686552 -0.982763 -0.375426 0.577076 0.999017 0.502466 -0.456050 -0.995275 -0.619450 0.325895 0.971614 0.724035 -0.189218 
-0.928505 -0.814128 0.048754 0.866812 0.887927 0.092686 -0.787770 -0.943954 -0.232271 0.692961 0.981088 0.367207 -0.584282 -0.998585 -0.494794 0.463909 0.996096 0.612477 -0.334251 -0.973670 -0.717901 0.197902 0.931755 0.808957 -0.057593 -0.871192 -0.883821 -0.083869 0.793191 0.940996 0.223653 -0.699315 
-0.979336 -0.358960 0.591443 0.998075 0.487082 -0.471732 -0.996838 -0.605456 0.342580 0.975649 0.711711 -0.206571 -0.934932 -0.803722 0.066427 0.875503 0.879646 0.075046 -0.798551 -0.937963 -0.215017 0.705615 0.977508 0.350684 -0.598557 -0.997488 -0.479333 0.479518 0.997502 0.598388 -0.350882 -0.977552 
-0.705466 0.215223 0.938037 0.798424 -0.075256 -0.879746 -0.875401 -0.066217 0.803847 0.934858 0.206364 -0.711859 -0.975603 -0.342381 0.605624 0.996821 0.471546 -0.487267 -0.998089 -0.591272 0.359157 0.979379 0.699165 -0.223858 -0.941067 -0.793063 0.084080 0.883920 0.871088 0.057382 -0.809081 -0.931679 
-0.197695 0.718048 0.973621 0.334052 -0.612644 -0.996077 -0.463722 0.494977 0.998596 0.584111 -0.367403 -0.981129 -0.692809 0.232476 0.944024 0.787640 -0.092896 -0.888024 -0.866707 -0.048543 0.814251 0.928427 0.189011 -0.724180 -0.971564 -0.325696 0.619615 0.995255 0.455862 -0.502649 -0.999026 -0.576904 
0.375621 0.982802 0.686399 -0.241076 -0.946907 -0.782156 0.101706 0.892059 0.862258 0.039700 -0.819357 -0.925102 -0.180312 0.730256 0.969430 0.317314 -0.626538 -0.994355 -0.447966 0.510281 0.999378 0.569651 -0.383810 -0.984398 -0.679935 0.249657 0.949715 0.776610 -0.110507 -0.896024 -0.857741 -0.030855 
0.824400 0.921705 0.171599 -0.736274 -0.967220 -0.308908 0.633413 0.993377 0.440035 -0.517873 -0.999651 -0.562354 0.391968 0.985917 0.673418 -0.258218 -0.952450 -0.771003 0.119300 0.899919 0.853157 0.022006 -0.829377 -0.918235 -0.162872 0.742235 0.964934 0.300478 -0.640237 -0.992321 -0.432069 0.525425 
0.999845 0.555013 -0.400096 -0.987358 -0.666848 0.266759 0.955109 0.765336 -0.128083 -0.903744 -0.848506 -0.013156 0.834290 0.914694 0.154132 -0.748138 -0.962573 -0.292023 0.647011 0.991187 0.424070 -0.532935 -0.999962 -0.547628 0.408192 0.988723 0.660226 -0.275279 -0.957694 -0.759609 0.136857 0.907497 
0.843789 0.004305 -0.839137 -0.911081 -0.145381 0.753981 0.960137 0.283547 -0.653735 -0.989975 -0.416037 0.540404 1.000000 0.540201 -0.416256 -0.990010 -0.653552 0.283778 0.960204 0.753823 -0.145619 -0.911180 -0.839006 0.004546 0.843919 0.907396 0.136618 -0.759766 -0.957625 -0.275047 0.660407 0.988687 
0.407972 -0.547830 -0.999960 -0.532731 0.424288 0.991219 0.646827 -0.292254 -0.962639 -0.747978 0.154371 0.914791 0.834157 -0.013397 -0.848634 -0.903641 -0.127844 0.765492 0.955038 0.266527 -0.667028 -0.987320 -0.399875 0.555214 0.999841 0.525219 -0.432287 -0.992350 -0.640052 0.300708 0.964998 0.742073 
-0.163110 -0.918331 -0.829242 0.022247 0.853283 0.899814 0.119060 -0.771157 -0.952376 -0.257985 0.673596 0.985876 0.391746 -0.562554 -0.999644 -0.517667 0.440251 0.993404 0.633226 -0.309137 -0.967281 -0.736111 0.171836 0.921798 0.824263 -0.031096 -0.857865 -0.895917 -0.110267 0.776762 0.949640 0.249423 
-0.680112 -0.984355 -0.383587 0.569849 0.999369 0.510073 -0.448181 -0.994380 -0.626350 0.317543 0.969489 0.730091 -0.180549 -0.925193 -0.819219 0.039941 0.862380 0.891950 0.101466 -0.782306 -0.946829 -0.240842 0.686574 0.982757 0.375398 -0.577101 -0.999015 -0.502440 0.456076 0.995278 0.619426 -0.325924 
-0.971621 -0.724014 0.189248 0.928516 0.814111 -0.048784 -0.866827 -0.887913 -0.092656 0.787789 0.943944 0.232242 -0.692983 -0.981082 -0.367179 0.584307 0.998584 0.494767 -0.463936 -0.996098 -0.612453 0.334279 0.973676 0.717880 -0.197932 -0.931766 -0.808939 0.057623 0.871207 0.883807 0.083839 -0.793210 
-0.940986 -0.223623 0.699337 0.979330 0.358932 -0.591467 -0.998074 -0.487056 0.471759 0.996841 0.605432 -0.342608 -0.975656 -0.711690 0.206600 0.934943 0.803704 -0.066457 -0.875518 -0.879631 -0.075016 0.798569 0.937953 0.214988 -0.705636 -0.977502 -0.350656 0.598581 0.997485 0.479306 -0.479545 -0.997505 
-0.598363 0.350910 0.977559 0.705444 -0.215252 -0.938047 -0.798405 0.075286 0.879760 0.875387 0.066187 -0.803865 -0.934847 -0.206335 0.711881 0.975596 0.342353 -0.605648 -0.996819 -0.471519 0.487293 0.998090 0.591248 -0.359185 -0.979385 -0.699143 0.223888 0.941077 0.793045 -0.084110 -0.883934 -0.871073 
-0.057352 0.809098 0.931668 0.197666 -0.718069 -0.973615 -0.334023 0.612667 0.996075 0.463695 -0.495003 -0.998598 -0.584086 0.367432 0.981135 0.692787 -0.232506 -0.944034 -0.787622 0.092926 0.888038 0.866692 0.048513 -0.814268 -0.928415 -0.188981 0.724201 0.971557 0.325667 -0.619639 -0.995252 -0.455835 
0.502675 0.999027 0.576879 -0.375649 -0.982807 -0.686377 0.241105 0.946916 0.782137 -0.101736 -0.892073 -0.862243 -0.039670 0.819375 0.925090 0.180282 -0.730277 -0.969422 -0.317286 0.626562 0.994351 0.447939 -0.510307 -0.999379 -0.569626 0.383838 0.984403 0.679913 -0.249686 -0.949725 -0.776591 0.110537 
0.896038 0.857726 0.030824 -0.824417 -0.921693 -0.171569 0.736295 0.967212 0.308879 -0.633436 -0.993373 -0.440008 0.517899 0.999651 0.562329 -0.391996 -0.985922 -0.673396 0.258247 0.952459 0.770984 -0.119330 -0.899933 -0.853141 -0.021976 0.829394 0.918223 0.162842 -0.742255 -0.964926 -0.300449 0.640260 
0.992317 0.432042 -0.525450 -0.999846 -0.554988 0.400123 0.987363 0.666826 -0.266788 -0.955118 -0.765317 0.128113 0.903757 0.848491 0.013126 -0.834306 -0.914681 -0.154103 0.748158 0.962565 0.291995 -0.647034 -0.991183 -0.424043 0.532961 0.999962 0.547603 -0.408220 -0.988727 -0.660204 0.275308 0.957703 
0.759590 -0.136887 -0.907510 -0.843773 -0.004275 0.839154 0.911068 0.145351 -0.754001 -0.960128 -0.283518 0.653758 0.989971 0.416010 -0.540429 -1.000000 -0.540175 0.416284 0.990014 0.653530 -0.283807 -0.960212 -0.753803 0.145649 0.911192 0.838990 -0.004576 -0.843935 -0.907383 -0.136588 0.759786 0.957616 
0.275018 -0.660430 -0.988682 -0.407944 0.547855 0.999959 0.532705 -0.424315 -0.991223 -0.646804 0.292283 0.962647 0.747957 -0.154400 -0.914803 -0.834140 0.013427 0.848650 0.903628 0.127814 -0.765511 -0.955029 -0.266498 0.667050 0.987315 0.399847 -0.555239 -0.999841 -0.525194 0.432314 0.992354 0.640029 
-0.300736 -0.965006 -0.742053 0.163139 0.918342 0.829226 -0.022277 -0.853299 -0.899801 -0.119030 0.771176 0.952367 0.257956 -0.673619 -0.985871 -0.391719 0.562578 0.999643 0.517641 -0.440278 -0.993408 -0.633203 0.309166 0.967289 0.736091 -0.171866 -0.921810 -0.824246 0.031126 0.857881 0.895904 0.110237 
-0.776781 -0.949630 -0.249394 0.680134 0.984350 0.383559 -0.569874 -0.999368 -0.510047 0.448208 0.994383 0.626327 -0.317572 -0.969496 -0.730071 0.180579 0.925205 0.819202 -0.039971 -0.862395 -0.891937 -0.101436 0.782325 0.946820 0.240813 -0.686596 -0.982752 -0.375370 0.577125 0.999014 0.502414 -0.456103 
-0.995281 -0.619402 0.325952 0.971628 0.723993 -0.189277 -0.928527 -0.814093 0.048814 0.866842 0.887900 0.092626 -0.787807 -0.943934 -0.232213 0.693004 0.981076 0.367151 -0.584331 -0.998582 -0.494741 0.463962 0.996101 0.612429 -0.334307 -0.973683 -0.717859 0.197961 0.931777 0.808921 -0.057653 -0.871221 
-0.883793 -0.083809 0.793228 0.940975 0.223594 -0.699359 -0.979324 -0.358904 0.591491 0.998072 0.487030 -0.471785 -0.996843 -0.605408 0.342636 0.975662 0.711669 -0.206630 -0.934954 -0.803686 0.066487 0.875532 0.879617 0.074986 -0.798587 -0.937942 -0.214958 0.705658 0.977495 0.350628 -0.598605 -0.997483 
-0.479280 0.479571 0.997507 0.598339 -0.350938 -0.977565 -0.705423 0.215282 0.938057 0.798387 -0.075316 -0.879775 -0.875372 -0.066156 0.803883 0.934836 0.206305 -0.711902 -0.975590 -0.342325 0.605672 0.996817 0.471493 -0.487319 -0.998092 -0.591224 0.359213 0.979391 0.699121 -0.223917 -0.941087 -0.793026 
0.084140 0.883948 0.871059 0.057322 -0.809116 -0.931657 -0.197636 0.718090 0.973608 0.333995 -0.612691 -0.996072 -0.463669 0.495029 0.998600 0.584062 -0.367460 -0.981140 -0.692765 0.232535 0.944044 0.787603 -0.092956 -0.888052 -0.866677 -0.048483 0.814286 0.928404 0.188952 -0.724222 -0.971549 -0.325639 
0.619663 0.995249 0.455808 -0.502701 -0.999029 -0.576854 0.375677 0.982813 0.686355 -0.241135 -0.946926 -0.782118 0.101766 0.892087 0.862227 0.039640 -0.819392 -0.925079 -0.180253 0.730297 0.969415 0.317257 -0.626585 -0.994348 -0.447912 0.510333 0.999380 0.569602 -0.383865 -0.984408 -0.679891 0.249715 


Resulting 32x32 Y Matrix is 
0.179304 -0.512755 -0.733389 -0.279749 0.431091 0.745588 0.374595 -0.340799 -0.742864 -0.461943 0.243686 0.725272 0.540046 -0.141696 -0.693163 -0.607339 0.036869 0.647180 0.662477 0.068695 -0.588245 -0.704355 -0.172884 0.517535 0.732135 0.273614 -0.436467 -0.745262 -0.368866 0.346663 0.743472 0.456736 
0.669833 0.029097 -0.638390 -0.718944 -0.138505 0.569275 0.753667 0.245140 -0.488767 -0.773304 -0.346869 0.398476 0.777464 0.441655 -0.300209 -0.766063 -0.527601 0.195934 0.739329 0.602988 -0.087737 -0.697797 -0.666306 -0.022216 0.642299 0.716287 0.131724 -0.573945 -0.751932 -0.238596 0.494104 0.772527 
0.938276 0.561302 -0.331730 -0.919771 -0.662179 0.204217 0.882858 0.749802 -0.072618 -0.828273 -0.822418 -0.060436 0.757111 0.878574 0.192280 -0.670795 -0.917144 -0.320275 0.571054 0.937358 0.441860 -0.459882 -0.938811 -0.554601 0.339507 0.921473 0.656242 -0.212335 -0.885692 -0.744748 0.080914 0.832184 
0.895631 0.907406 0.084916 -0.815645 -0.966306 -0.228549 0.719334 1.005865 0.367608 -0.608626 -1.025292 -0.499310 0.485736 1.024198 0.621018 -0.353124 -1.002605 -0.730296 0.213444 0.960944 0.824957 -0.069492 -0.900050 -0.903106 -0.075850 0.821142 0.963180 0.219675 -0.725798 -1.003976 -0.359103 0.615928 
0.556036 0.952656 0.473408 -0.441089 -0.950051 -0.585540 0.317313 0.928430 0.685953 -0.187187 -0.888227 -0.772636 0.053313 0.830247 0.843855 0.081627 -0.755649 -0.898184 -0.214934 0.665926 0.934536 0.343938 -0.562875 -0.952184 -0.466059 0.448558 0.950773 0.578852 -0.325264 -0.930333 -0.680058 0.195459 
0.032086 0.682050 0.704940 0.079712 -0.618803 -0.748393 -0.189914 0.543171 0.776867 0.296315 -0.456668 -0.789792 -0.396785 0.361024 0.786910 0.489314 -0.258155 -0.768277 -0.572049 0.150118 0.734268 0.643335 -0.039077 -0.685562 -0.701744 -0.072746 0.623134 0.746108 0.183114 -0.548235 -0.775538 -0.289816 
-0.502502 0.185308 0.702747 0.574084 -0.082389 -0.663114 -0.634174 -0.022178 0.610209 0.681572 0.126302 -0.545090 -0.715329 -0.227897 0.469062 0.734768 0.324932 -0.383645 -0.739500 -0.415462 0.290550 0.729432 0.497677 -0.191639 -0.704764 -0.569932 0.088893 0.665990 0.630779 0.015633 -0.613886 -0.679001 
-0.870484 -0.372874 0.467555 0.878116 0.481341 -0.357977 -0.868172 -0.580174 0.241234 0.840852 0.667395 -0.119662 -0.796702 -0.741259 -0.004305 0.736607 0.800285 0.128186 -0.661768 -0.843295 -0.249500 0.573683 0.869425 0.365822 -0.474117 -0.878154 -0.474821 0.365061 0.869307 0.574317 -0.248698 -0.843061 
-0.949855 -0.807427 0.077345 0.891007 0.885481 0.065848 -0.814325 -0.945812 -0.207723 0.721345 0.987212 0.345441 -0.613927 -1.008853 -0.476244 0.494221 1.010302 0.597516 -0.364624 -0.991530 -0.706828 0.227728 0.952912 0.801993 -0.086275 -0.895222 -0.881106 -0.056906 0.819614 0.942584 0.198947 -0.727601 
-0.714297 -0.974276 -0.338510 0.608481 0.996037 0.467841 -0.490485 -0.997862 -0.587809 0.362673 0.979715 0.696012 -0.227602 -0.941959 -0.790284 0.087975 0.885350 0.868738 0.053413 -0.811020 -0.929805 -0.193731 0.720458 0.972261 0.330172 -0.615476 -0.995258 -0.460005 0.498175 0.998335 0.580630 -0.370903 
-0.241913 -0.818100 -0.642130 0.124211 0.776353 0.714720 -0.004024 -0.719068 -0.773004 -0.116244 0.647391 0.815817 0.234185 -0.562755 -0.842302 -0.347439 0.466857 0.851927 0.453740 -0.361614 -0.844501 -0.550958 0.249134 0.820173 0.637149 -0.131667 -0.779429 -0.710588 0.011565 0.723084 0.769804 0.108769 
0.310679 -0.390681 -0.732850 -0.401241 0.299268 0.724631 0.483772 -0.201865 -0.701908 -0.556620 0.100422 0.665136 0.618328 0.003032 -0.615052 -0.667659 -0.106424 0.552657 0.703628 0.207686 -0.479201 -0.725513 -0.304792 0.396154 0.732877 0.395797 -0.305177 -0.725573 -0.478880 0.208093 0.703746 0.552379 
0.760264 0.166270 -0.580592 -0.793660 -0.277042 0.494288 0.811172 0.382268 -0.398091 -0.812447 -0.479843 0.293927 0.797461 0.567813 -0.183879 -0.766514 -0.644420 0.070152 0.720226 0.708128 0.044980 -0.659522 -0.757663 -0.159212 0.585618 0.792033 0.270257 -0.499992 -0.810551 -0.375893 0.404359 0.812845 
0.957781 0.668094 -0.235836 -0.922939 -0.761497 0.100062 0.869625 0.839658 0.037714 -0.798904 -0.901013 -0.174735 0.712194 0.944335 0.308259 -0.611229 -0.968756 -0.435613 0.498031 0.973787 0.554248 -0.374864 -0.959328 -0.661790 0.244194 0.925668 0.756086 -0.108637 -0.873480 -0.835250 -0.029094 0.803810 
0.837743 0.948409 0.187112 -0.746214 -0.993475 -0.327339 0.639751 1.018657 0.461014 -0.520482 -1.023450 -0.585463 0.390797 1.007759 0.698193 -0.253289 -0.971898 -0.796948 0.110712 0.916584 0.879753 0.034081 -0.842925 -0.944950 -0.178192 0.752394 0.991233 0.318737 -0.646805 -1.017677 -0.452901 0.528269 
0.439948 0.914275 0.548023 -0.322080 -0.896063 -0.646210 0.197765 0.859917 0.731465 -0.069493 -0.806559 -0.802078 -0.060171 0.737057 0.856639 0.188630 -0.652804 -0.894053 -0.313314 0.555485 0.913573 0.431727 -0.447047 -0.914808 -0.541499 0.329662 0.897733 0.640432 -0.205679 -0.862690 -0.726548 0.077579 
-0.103713 0.577011 0.727234 0.208841 -0.501559 -0.750829 -0.309790 0.416068 0.759395 0.404537 -0.322250 -0.752762 -0.491188 0.221982 0.731063 0.568008 -0.117271 -0.694732 -0.633459 0.010212 0.644495 0.686232 0.097050 -0.581359 -0.725269 -0.202371 0.506587 0.749791 0.303640 -0.421675 -0.759305 -0.398833 
-0.612988 0.048437 0.665329 0.670521 0.059239 -0.606507 -0.714633 -0.165729 0.535546 0.744442 0.268902 -0.453866 -0.759351 -0.366692 0.363101 0.759061 0.457144 -0.265070 -0.743579 -0.538446 0.161732 0.713214 0.608970 -0.055158 -0.668575 -0.667307 -0.052520 0.610553 0.712287 0.159147 -0.540312 -0.743010 
-0.919024 -0.496197 0.382832 0.909886 0.600396 -0.261096 -0.882537 -0.692578 0.134134 0.837524 0.770898 -0.004488 -0.775748 -0.833789 -0.125248 0.698445 0.879991 0.252477 -0.607163 -0.908580 -0.374653 0.503729 0.918984 0.489330 -0.390212 -0.910995 -0.594214 0.268885 0.884772 0.687204 -0.142177 -0.840840 
-0.920355 -0.876315 -0.026595 0.847576 0.942490 0.170882 -0.757834 -0.989801 -0.311750 0.652923 1.017301 0.446377 -0.534943 -1.024440 -0.572071 0.406257 1.011074 0.686314 -0.269440 -0.977472 -0.786821 0.127230 0.924306 0.871580 0.017527 -0.852640 -0.938894 -0.161933 0.763908 0.987416 0.303098 -0.659887 
-0.616539 -0.965888 -0.427203 0.504250 0.972098 0.546204 -0.381868 -0.958852 -0.654272 0.251842 0.926414 0.749245 -0.116777 -0.875434 -0.829222 -0.020627 0.806932 0.892602 0.157617 -0.722280 -0.938116 -0.291452 0.623171 0.964854 0.419455 -0.511589 -0.972281 -0.539061 0.389768 0.960247 0.647879 -0.260146 
-0.108308 -0.735217 -0.686172 -0.006263 0.679404 0.740430 0.120708 -0.609992 -0.779868 -0.232737 0.528372 0.803698 0.340108 -0.436176 -0.811441 -0.440672 0.335250 0.802944 0.532415 -0.227613 -0.778375 -0.613503 0.115422 0.738228 0.682311 -0.000920 -0.683305 -0.737462 -0.113601 0.614705 0.777854 0.225847 
0.435833 -0.260783 -0.717637 -0.514699 0.161451 0.689164 0.583262 -0.058888 -0.646897 -0.640152 -0.044854 0.591682 0.684229 0.147698 -0.524625 -0.714611 -0.247586 0.447068 0.730690 0.342519 -0.360562 -0.732144 -0.430596 0.266840 0.718945 0.510055 -0.167777 -0.691355 -0.579305 0.065356 0.649929 0.636960 
0.835473 0.300114 -0.511168 -0.852485 -0.410031 0.409403 0.852434 0.511741 -0.299445 -0.835322 -0.603208 0.183492 0.801491 0.682602 -0.063868 -0.751618 -0.748334 -0.057035 0.686702 0.799088 0.176797 -0.608041 -0.833849 -0.293020 0.517210 0.851919 0.403378 -0.416027 -0.852939 -0.505663 0.306518 0.836887 
0.958108 0.761508 -0.135219 -0.907626 -0.845566 -0.006096 0.838979 0.912700 0.147290 -0.753538 -0.961567 -0.285535 0.653016 0.991187 0.418065 -0.539424 -1.000970 -0.542228 0.415035 0.990717 0.655538 -0.282339 -0.960636 -0.755728 0.143993 0.911327 0.840791 -0.002764 -0.843778 -0.909027 -0.138520 0.759341 
0.763080 0.970421 0.285562 -0.661842 -1.000751 -0.419575 0.547357 1.011051 0.545189 -0.421917 -1.001115 -0.659892 0.288032 0.971141 0.761387 -0.148382 -0.921730 -0.847643 0.005763 0.853871 0.916934 0.136972 -0.768921 -0.967872 -0.276966 0.668581 0.999438 0.411416 -0.554860 -1.011000 -0.537631 0.430033 
0.315050 0.857588 0.611664 -0.196621 -0.824134 -0.693942 0.074257 0.774184 0.762330 0.049593 -0.708740 -0.815460 -0.172450 0.629110 0.852269 0.291856 -0.536888 -0.872020 -0.405421 0.433920 0.874317 0.510871 -0.322268 -0.859115 -0.606095 0.204165 0.826717 0.689189 -0.081976 -0.777773 -0.758489 -0.041854 
-0.237436 0.460419 0.734967 0.333790 -0.374272 -0.738230 -0.423462 0.280635 0.726717 0.504660 -0.181380 -0.700660 -0.575756 0.078495 0.660578 0.635329 0.025961 -0.607275 -0.682185 -0.129898 0.541817 0.715388 0.231234 -0.465515 -0.734272 -0.327943 0.379896 0.738460 0.418087 -0.286673 -0.727867 -0.499864 
-0.711199 -0.089404 0.614589 0.753531 0.199680 -0.537756 -0.780782 -0.305961 0.450159 0.792405 0.406117 -0.353553 -0.788168 -0.498145 0.249870 0.768156 0.580203 -0.141186 -0.732769 -0.650648 0.029676 0.682716 0.708070 0.082427 -0.618998 -0.751320 -0.192881 0.542891 0.779532 0.299475 -0.455918 -0.792142 
-0.949162 -0.609584 0.290442 0.923438 0.707429 -0.158987 -0.879231 -0.791114 0.024350 0.817426 0.858965 0.110775 -0.739260 -0.909623 -0.243683 0.646299 0.942076 0.371713 -0.540401 -0.955673 -0.492304 0.423687 0.950142 0.603041 -0.298494 -0.925594 -0.701708 0.167326 0.882521 0.786330 -0.032809 -0.821783 
-0.872427 -0.927655 -0.130002 0.787175 0.980626 0.272495 -0.686168 -1.013970 -0.409533 0.571427 1.027020 0.538376 -0.445249 -1.019513 -0.656442 0.310159 0.991601 0.761370 -0.168861 -0.943842 -0.851059 0.024184 0.877192 0.923714 0.120977 -0.792985 -0.977881 -0.263717 0.692907 1.012476 0.401179 -0.578960 
-0.506436 -0.938159 -0.507343 0.389922 0.928694 0.613630 -0.265603 -0.900642 -0.707634 0.135969 0.854563 0.787476 -0.003613 -0.791380 -0.851556 -0.128815 0.712358 0.898592 0.258665 -0.619077 -0.927643 -0.383338 0.513406 0.938127 0.500338 -0.397459 -0.929834 -0.607324 0.273557 0.902931 0.702155 -0.144180 

